10 20
3.142 20 0.200
1.000 0.190 0.152 0.119 0.075 0.012 -0.072 -0.195 -0.396 -1.000 
0.819 0.173 0.150 0.124 0.082 0.022 -0.057 -0.163 -0.328 -0.819 
0.670 0.161 0.151 0.130 0.089 0.029 -0.046 -0.138 -0.274 -0.670 
0.549 0.154 0.155 0.139 0.097 0.035 -0.038 -0.121 -0.232 -0.549 
0.449 0.150 0.163 0.149 0.105 0.039 -0.034 -0.110 -0.199 -0.449 
0.368 0.151 0.173 0.162 0.113 0.042 -0.034 -0.104 -0.175 -0.368 
0.301 0.156 0.187 0.176 0.123 0.044 -0.036 -0.103 -0.159 -0.301 
0.247 0.164 0.205 0.193 0.133 0.045 -0.042 -0.107 -0.149 -0.247 
0.202 0.176 0.226 0.213 0.144 0.045 -0.051 -0.116 -0.146 -0.202 
0.165 0.192 0.252 0.236 0.156 0.043 -0.063 -0.130 -0.149 -0.165 
0.135 0.213 0.282 0.262 0.169 0.041 -0.079 -0.150 -0.158 -0.135 
0.111 0.240 0.318 0.292 0.184 0.037 -0.098 -0.176 -0.174 -0.111 
0.091 0.273 0.360 0.325 0.199 0.032 -0.121 -0.208 -0.197 -0.091 
0.074 0.315 0.410 0.363 0.216 0.026 -0.148 -0.248 -0.230 -0.074 
0.061 0.369 0.468 0.403 0.233 0.020 -0.177 -0.296 -0.274 -0.061 
0.050 0.439 0.535 0.445 0.250 0.013 -0.209 -0.352 -0.335 -0.050 
0.041 0.533 0.610 0.488 0.267 0.007 -0.241 -0.417 -0.420 -0.041 
0.033 0.666 0.690 0.528 0.283 0.003 -0.271 -0.488 -0.542 -0.033 
0.027 0.862 0.766 0.562 0.297 0.001 -0.294 -0.553 -0.726 -0.027 
1.000 0.951 0.809 0.588 0.309 0.000 -0.309 -0.588 -0.809 -0.951 
