100 20
3.142 80 0.300
1.000 -0.917 -0.879 -0.842 -0.807 -0.774 -0.742 -0.712 -0.683 -0.655 -0.629 -0.604 -0.579 -0.556 -0.535 -0.514 -0.494 -0.475 -0.457 -0.440 -0.423 -0.408 -0.393 -0.379 -0.366 -0.353 -0.341 -0.330 -0.320 -0.310 -0.300 -0.291 -0.283 -0.275 -0.268 -0.262 -0.255 -0.250 -0.244 -0.240 -0.235 -0.232 -0.228 -0.225 -0.223 -0.221 -0.219 -0.218 -0.217 -0.217 -0.217 -0.217 -0.218 -0.219 -0.221 -0.223 -0.225 -0.228 -0.232 -0.236 -0.240 -0.245 -0.250 -0.256 -0.262 -0.268 -0.276 -0.283 -0.292 -0.300 -0.310 -0.320 -0.331 -0.342 -0.354 -0.366 -0.380 -0.394 -0.408 -0.424 -0.440 -0.457 -0.476 -0.495 -0.514 -0.535 -0.557 -0.580 -0.604 -0.630 -0.656 -0.684 -0.713 -0.744 -0.775 -0.809 -0.844 -0.880 -0.918 -1.000 
0.301 -0.276 -0.265 -0.254 -0.243 -0.233 -0.224 -0.214 -0.206 -0.197 -0.189 -0.182 -0.175 -0.168 -0.161 -0.155 -0.149 -0.143 -0.138 -0.132 -0.127 -0.123 -0.118 -0.114 -0.110 -0.106 -0.103 -0.099 -0.096 -0.093 -0.090 -0.088 -0.085 -0.083 -0.081 -0.079 -0.077 -0.075 -0.074 -0.072 -0.071 -0.070 -0.069 -0.068 -0.067 -0.066 -0.066 -0.066 -0.065 -0.065 -0.065 -0.065 -0.066 -0.066 -0.066 -0.067 -0.068 -0.069 -0.070 -0.071 -0.072 -0.074 -0.075 -0.077 -0.079 -0.081 -0.083 -0.085 -0.088 -0.090 -0.093 -0.096 -0.100 -0.103 -0.106 -0.110 -0.114 -0.119 -0.123 -0.128 -0.133 -0.138 -0.143 -0.149 -0.155 -0.161 -0.168 -0.175 -0.182 -0.190 -0.198 -0.206 -0.215 -0.224 -0.234 -0.244 -0.254 -0.265 -0.277 -0.301 
0.091 -0.083 -0.080 -0.076 -0.073 -0.070 -0.067 -0.065 -0.062 -0.059 -0.057 -0.055 -0.053 -0.050 -0.048 -0.047 -0.045 -0.043 -0.041 -0.040 -0.038 -0.037 -0.036 -0.034 -0.033 -0.032 -0.031 -0.030 -0.029 -0.028 -0.027 -0.026 -0.026 -0.025 -0.024 -0.024 -0.023 -0.023 -0.022 -0.022 -0.021 -0.021 -0.021 -0.020 -0.020 -0.020 -0.020 -0.020 -0.020 -0.020 -0.020 -0.020 -0.020 -0.020 -0.020 -0.020 -0.020 -0.021 -0.021 -0.021 -0.022 -0.022 -0.023 -0.023 -0.024 -0.024 -0.025 -0.026 -0.026 -0.027 -0.028 -0.029 -0.030 -0.031 -0.032 -0.033 -0.034 -0.036 -0.037 -0.038 -0.040 -0.041 -0.043 -0.045 -0.047 -0.049 -0.051 -0.053 -0.055 -0.057 -0.060 -0.062 -0.065 -0.067 -0.070 -0.073 -0.077 -0.080 -0.083 -0.091 
0.027 -0.025 -0.024 -0.023 -0.022 -0.021 -0.020 -0.019 -0.019 -0.018 -0.017 -0.016 -0.016 -0.015 -0.015 -0.014 -0.013 -0.013 -0.012 -0.012 -0.011 -0.011 -0.011 -0.010 -0.010 -0.010 -0.009 -0.009 -0.009 -0.008 -0.008 -0.008 -0.008 -0.007 -0.007 -0.007 -0.007 -0.007 -0.007 -0.006 -0.006 -0.006 -0.006 -0.006 -0.006 -0.006 -0.006 -0.006 -0.006 -0.006 -0.006 -0.006 -0.006 -0.006 -0.006 -0.006 -0.006 -0.006 -0.006 -0.006 -0.006 -0.007 -0.007 -0.007 -0.007 -0.007 -0.007 -0.008 -0.008 -0.008 -0.008 -0.009 -0.009 -0.009 -0.010 -0.010 -0.010 -0.011 -0.011 -0.012 -0.012 -0.012 -0.013 -0.013 -0.014 -0.015 -0.015 -0.016 -0.016 -0.017 -0.018 -0.019 -0.019 -0.020 -0.021 -0.022 -0.023 -0.024 -0.025 -0.027 
0.008 -0.008 -0.007 -0.007 -0.007 -0.006 -0.006 -0.006 -0.006 -0.005 -0.005 -0.005 -0.005 -0.005 -0.004 -0.004 -0.004 -0.004 -0.004 -0.004 -0.003 -0.003 -0.003 -0.003 -0.003 -0.003 -0.003 -0.003 -0.002 -0.002 -0.002 -0.002 -0.002 -0.002 -0.002 -0.002 -0.002 -0.002 -0.002 -0.002 -0.002 -0.002 -0.002 -0.002 -0.002 -0.002 -0.002 -0.002 -0.002 -0.002 -0.002 -0.002 -0.002 -0.002 -0.002 -0.002 -0.002 -0.002 -0.002 -0.002 -0.002 -0.002 -0.002 -0.002 -0.002 -0.002 -0.002 -0.002 -0.002 -0.002 -0.002 -0.003 -0.003 -0.003 -0.003 -0.003 -0.003 -0.003 -0.003 -0.003 -0.004 -0.004 -0.004 -0.004 -0.004 -0.004 -0.005 -0.005 -0.005 -0.005 -0.005 -0.006 -0.006 -0.006 -0.006 -0.007 -0.007 -0.007 -0.008 -0.008 
0.002 -0.002 -0.002 -0.002 -0.002 -0.002 -0.002 -0.002 -0.002 -0.002 -0.001 -0.001 -0.001 -0.001 -0.001 -0.001 -0.001 -0.001 -0.001 -0.001 -0.001 -0.001 -0.001 -0.001 -0.001 -0.001 -0.001 -0.001 -0.001 -0.001 -0.001 -0.001 -0.001 -0.000 -0.000 -0.000 -0.000 -0.000 -0.000 -0.000 -0.000 -0.000 -0.000 -0.000 -0.000 -0.000 -0.000 -0.000 -0.000 -0.000 -0.000 -0.000 -0.000 -0.000 -0.000 -0.000 -0.000 -0.000 -0.000 -0.000 -0.000 -0.000 -0.000 -0.000 -0.000 -0.000 -0.000 -0.001 -0.001 -0.001 -0.001 -0.001 -0.001 -0.001 -0.001 -0.001 -0.001 -0.001 -0.001 -0.001 -0.001 -0.001 -0.001 -0.001 -0.001 -0.001 -0.001 -0.001 -0.001 -0.001 -0.002 -0.002 -0.002 -0.002 -0.002 -0.002 -0.002 -0.002 -0.002 -0.002 
0.001 -0.001 -0.001 -0.001 -0.001 -0.001 -0.000 -0.000 -0.000 -0.000 -0.000 -0.000 -0.000 -0.000 -0.000 -0.000 -0.000 -0.000 -0.000 -0.000 -0.000 -0.000 -0.000 -0.000 -0.000 -0.000 -0.000 -0.000 0.000 0.000 0.000 0.000 0.000 0.000 0.000 0.000 0.000 0.000 0.000 0.000 0.000 0.000 0.000 0.000 0.000 0.000 0.000 0.000 0.000 0.000 0.000 0.000 0.000 0.000 0.000 0.000 0.000 0.000 0.000 0.000 0.000 0.000 0.000 0.000 0.000 0.000 0.000 0.000 0.000 0.000 0.000 -0.000 -0.000 -0.000 -0.000 -0.000 -0.000 -0.000 -0.000 -0.000 -0.000 -0.000 -0.000 -0.000 -0.000 -0.000 -0.000 -0.000 -0.000 -0.000 -0.000 -0.000 -0.000 -0.000 -0.001 -0.001 -0.001 -0.001 -0.001 -0.001 
0.000 -0.000 -0.000 -0.000 -0.000 -0.000 -0.000 -0.000 -0.000 -0.000 0.000 0.000 0.000 0.000 0.000 0.000 0.000 0.000 0.000 0.000 0.000 0.000 0.000 0.000 0.000 0.000 0.000 0.000 0.000 0.000 0.000 0.000 0.000 0.000 0.000 0.000 0.000 0.000 0.000 0.000 0.000 0.000 0.000 0.000 0.000 0.000 0.000 0.000 0.000 0.000 0.000 0.000 0.000 0.000 0.000 0.000 0.000 0.000 0.000 0.000 0.000 0.000 0.000 0.000 0.000 0.000 0.000 0.000 0.000 0.000 0.000 0.000 0.000 0.000 0.000 0.000 0.000 0.000 0.000 0.000 0.000 0.000 0.000 0.000 0.000 0.000 0.000 0.000 0.000 -0.000 -0.000 -0.000 -0.000 -0.000 -0.000 -0.000 -0.000 -0.000 -0.000 -0.000 
0.000 -0.000 0.000 0.000 0.000 0.000 0.000 0.000 0.000 0.000 0.000 0.000 0.000 0.000 0.000 0.000 0.000 0.000 0.000 0.000 0.000 0.000 0.000 0.000 0.000 0.000 0.000 0.000 0.000 0.000 0.000 0.001 0.001 0.001 0.001 0.001 0.001 0.001 0.001 0.001 0.001 0.001 0.001 0.001 0.001 0.001 0.001 0.001 0.001 0.001 0.001 0.001 0.001 0.001 0.001 0.001 0.001 0.001 0.001 0.000 0.000 0.000 0.000 0.000 0.000 0.000 0.000 0.000 0.000 0.000 0.000 0.000 0.000 0.000 0.000 0.000 0.000 0.000 0.000 0.000 0.000 0.000 0.000 0.000 0.000 0.000 0.000 0.000 0.000 0.000 0.000 0.000 0.000 0.000 0.000 0.000 -0.000 -0.000 -0.000 -0.000 
0.000 0.000 0.000 0.000 0.000 0.000 0.000 0.000 0.000 0.000 0.000 0.000 0.000 0.000 0.000 0.000 0.000 0.001 0.001 0.001 0.001 0.001 0.001 0.001 0.001 0.001 0.001 0.001 0.001 0.001 0.001 0.001 0.001 0.001 0.001 0.001 0.001 0.001 0.001 0.001 0.001 0.001 0.001 0.001 0.001 0.001 0.001 0.001 0.001 0.001 0.001 0.001 0.001 0.001 0.001 0.001 0.001 0.001 0.001 0.001 0.001 0.001 0.001 0.001 0.001 0.001 0.001 0.001 0.001 0.000 0.000 0.000 0.000 0.000 0.000 0.000 0.000 0.000 0.000 0.000 0.000 0.000 0.000 0.000 0.000 0.000 0.000 0.000 0.000 0.000 0.000 0.000 0.000 0.000 0.000 0.000 0.000 0.000 0.000 -0.000 
0.000 0.000 0.000 0.000 0.000 0.000 0.000 0.000 0.000 0.000 0.001 0.001 0.001 0.001 0.001 0.001 0.001 0.001 0.001 0.001 0.001 0.001 0.001 0.001 0.001 0.001 0.001 0.001 0.001 0.001 0.001 0.001 0.001 0.001 0.001 0.001 0.001 0.001 0.001 0.001 0.001 0.001 0.001 0.001 0.001 0.001 0.001 0.001 0.001 0.001 0.001 0.001 0.001 0.001 0.001 0.001 0.001 0.001 0.001 0.001 0.001 0.001 0.001 0.001 0.001 0.001 0.001 0.001 0.001 0.001 0.001 0.001 0.000 0.000 0.000 0.000 0.000 0.000 0.000 0.000 0.000 0.000 0.000 0.000 0.000 0.000 0.000 0.000 0.000 0.000 0.000 0.000 0.000 0.000 0.000 0.000 0.000 0.000 0.000 -0.000 
0.000 0.000 0.000 0.000 0.000 0.001 0.001 0.001 0.001 0.001 0.001 0.001 0.001 0.001 0.001 0.001 0.001 0.001 0.001 0.002 0.002 0.002 0.002 0.002 0.002 0.002 0.002 0.002 0.002 0.002 0.002 0.002 0.002 0.002 0.002 0.002 0.002 0.002 0.002 0.002 0.002 0.002 0.002 0.002 0.002 0.002 0.002 0.002 0.001 0.001 0.001 0.001 0.001 0.001 0.001 0.001 0.001 0.001 0.001 0.001 0.001 0.001 0.001 0.001 0.001 0.001 0.001 0.001 0.000 0.000 0.000 0.000 0.000 0.000 0.000 0.000 0.000 0.000 0.000 0.000 0.000 0.000 0.000 0.000 0.000 0.000 0.000 0.000 -0.000 -0.000 -0.000 -0.000 -0.000 -0.000 -0.000 -0.000 -0.000 -0.000 -0.000 -0.000 
0.000 0.000 0.001 0.001 0.001 0.001 0.001 0.001 0.001 0.002 0.002 0.002 0.002 0.002 0.002 0.002 0.003 0.003 0.003 0.003 0.003 0.003 0.003 0.003 0.003 0.003 0.003 0.003 0.003 0.003 0.003 0.003 0.003 0.003 0.003 0.003 0.003 0.003 0.003 0.003 0.003 0.003 0.003 0.003 0.002 0.002 0.002 0.002 0.002 0.002 0.002 0.002 0.002 0.001 0.001 0.001 0.001 0.001 0.001 0.001 0.001 0.001 0.000 0.000 0.000 0.000 0.000 0.000 -0.000 -0.000 -0.000 -0.000 -0.000 -0.000 -0.000 -0.000 -0.001 -0.001 -0.001 -0.001 -0.001 -0.001 -0.001 -0.001 -0.001 -0.001 -0.001 -0.001 -0.001 -0.001 -0.000 -0.000 -0.000 -0.000 -0.000 -0.000 -0.000 -0.000 -0.000 -0.000 
0.000 0.001 0.001 0.001 0.002 0.002 0.002 0.003 0.003 0.003 0.004 0.004 0.004 0.004 0.005 0.005 0.005 0.005 0.005 0.006 0.006 0.006 0.006 0.006 0.006 0.006 0.006 0.006 0.006 0.006 0.006 0.006 0.006 0.006 0.006 0.006 0.006 0.005 0.005 0.005 0.005 0.005 0.004 0.004 0.004 0.004 0.003 0.003 0.003 0.003 0.002 0.002 0.002 0.002 0.001 0.001 0.001 0.001 0.000 0.000 -0.000 -0.000 -0.001 -0.001 -0.001 -0.001 -0.001 -0.002 -0.002 -0.002 -0.002 -0.002 -0.002 -0.002 -0.002 -0.003 -0.003 -0.003 -0.003 -0.003 -0.003 -0.003 -0.003 -0.003 -0.002 -0.002 -0.002 -0.002 -0.002 -0.002 -0.002 -0.002 -0.001 -0.001 -0.001 -0.001 -0.001 -0.001 -0.000 -0.000 
0.000 0.002 0.002 0.003 0.004 0.004 0.005 0.006 0.007 0.007 0.008 0.008 0.009 0.009 0.010 0.010 0.011 0.011 0.012 0.012 0.012 0.012 0.013 0.013 0.013 0.013 0.013 0.013 0.013 0.013 0.013 0.012 0.012 0.012 0.012 0.011 0.011 0.011 0.010 0.010 0.009 0.009 0.008 0.007 0.007 0.006 0.006 0.005 0.004 0.004 0.003 0.002 0.002 0.001 0.001 -0.000 -0.001 -0.001 -0.002 -0.003 -0.003 -0.004 -0.004 -0.005 -0.005 -0.006 -0.006 -0.006 -0.007 -0.007 -0.007 -0.007 -0.008 -0.008 -0.008 -0.008 -0.008 -0.008 -0.008 -0.008 -0.008 -0.008 -0.008 -0.007 -0.007 -0.007 -0.007 -0.006 -0.006 -0.005 -0.005 -0.005 -0.004 -0.004 -0.003 -0.003 -0.002 -0.002 -0.001 -0.000 
0.000 0.003 0.005 0.007 0.009 0.010 0.012 0.013 0.015 0.016 0.018 0.019 0.020 0.021 0.023 0.024 0.025 0.025 0.026 0.027 0.027 0.028 0.028 0.028 0.029 0.029 0.029 0.028 0.028 0.028 0.027 0.027 0.026 0.026 0.025 0.024 0.023 0.022 0.021 0.020 0.018 0.017 0.016 0.014 0.013 0.012 0.010 0.009 0.007 0.005 0.004 0.002 0.001 -0.001 -0.002 -0.004 -0.005 -0.007 -0.008 -0.009 -0.011 -0.012 -0.013 -0.014 -0.015 -0.016 -0.017 -0.018 -0.019 -0.020 -0.020 -0.021 -0.021 -0.022 -0.022 -0.022 -0.022 -0.022 -0.022 -0.022 -0.021 -0.021 -0.020 -0.020 -0.019 -0.018 -0.018 -0.017 -0.016 -0.015 -0.013 -0.012 -0.011 -0.010 -0.008 -0.007 -0.006 -0.004 -0.003 -0.000 
0.000 0.008 0.012 0.016 0.020 0.024 0.028 0.032 0.035 0.039 0.042 0.045 0.048 0.050 0.053 0.055 0.057 0.059 0.061 0.062 0.063 0.064 0.065 0.065 0.065 0.065 0.065 0.064 0.064 0.063 0.061 0.060 0.058 0.057 0.055 0.052 0.050 0.047 0.045 0.042 0.039 0.036 0.033 0.029 0.026 0.023 0.019 0.015 0.012 0.008 0.004 0.001 -0.003 -0.006 -0.010 -0.014 -0.017 -0.020 -0.024 -0.027 -0.030 -0.033 -0.036 -0.038 -0.041 -0.043 -0.046 -0.048 -0.049 -0.051 -0.053 -0.054 -0.055 -0.056 -0.056 -0.056 -0.057 -0.056 -0.056 -0.055 -0.055 -0.054 -0.052 -0.051 -0.049 -0.047 -0.045 -0.043 -0.040 -0.038 -0.035 -0.032 -0.029 -0.025 -0.022 -0.018 -0.015 -0.011 -0.007 -0.000 
0.000 0.021 0.032 0.042 0.052 0.062 0.071 0.080 0.089 0.097 0.104 0.111 0.118 0.124 0.129 0.134 0.138 0.142 0.145 0.148 0.150 0.151 0.152 0.152 0.152 0.151 0.150 0.148 0.145 0.143 0.139 0.135 0.131 0.127 0.121 0.116 0.110 0.104 0.098 0.091 0.084 0.077 0.069 0.061 0.054 0.046 0.038 0.029 0.021 0.013 0.004 -0.004 -0.012 -0.021 -0.029 -0.037 -0.045 -0.053 -0.060 -0.068 -0.075 -0.082 -0.088 -0.095 -0.101 -0.106 -0.112 -0.117 -0.121 -0.125 -0.129 -0.132 -0.135 -0.137 -0.139 -0.140 -0.141 -0.141 -0.140 -0.139 -0.138 -0.136 -0.133 -0.130 -0.126 -0.122 -0.117 -0.111 -0.105 -0.099 -0.091 -0.084 -0.076 -0.067 -0.059 -0.049 -0.040 -0.030 -0.020 -0.000 
0.000 0.074 0.107 0.138 0.166 0.192 0.216 0.237 0.257 0.275 0.291 0.305 0.317 0.328 0.337 0.344 0.350 0.355 0.358 0.360 0.360 0.359 0.357 0.354 0.350 0.345 0.339 0.332 0.324 0.315 0.305 0.295 0.284 0.272 0.259 0.246 0.233 0.218 0.204 0.188 0.173 0.157 0.141 0.124 0.107 0.090 0.073 0.055 0.038 0.020 0.003 -0.015 -0.032 -0.050 -0.067 -0.084 -0.101 -0.118 -0.135 -0.151 -0.166 -0.182 -0.197 -0.211 -0.225 -0.239 -0.252 -0.264 -0.276 -0.286 -0.296 -0.306 -0.314 -0.322 -0.328 -0.334 -0.339 -0.342 -0.345 -0.346 -0.346 -0.345 -0.342 -0.339 -0.333 -0.326 -0.318 -0.308 -0.296 -0.283 -0.268 -0.251 -0.232 -0.211 -0.188 -0.162 -0.135 -0.105 -0.072 -0.000 
1.000 1.000 0.998 0.996 0.992 0.988 0.982 0.976 0.969 0.960 0.951 0.941 0.930 0.918 0.905 0.891 0.876 0.861 0.844 0.827 0.809 0.790 0.771 0.750 0.729 0.707 0.685 0.661 0.637 0.613 0.588 0.562 0.536 0.509 0.482 0.454 0.426 0.397 0.368 0.339 0.309 0.279 0.249 0.218 0.187 0.156 0.125 0.094 0.063 0.031 0.000 -0.031 -0.063 -0.094 -0.125 -0.156 -0.187 -0.218 -0.249 -0.279 -0.309 -0.339 -0.368 -0.397 -0.426 -0.454 -0.482 -0.509 -0.536 -0.562 -0.588 -0.613 -0.637 -0.661 -0.685 -0.707 -0.729 -0.750 -0.771 -0.790 -0.809 -0.827 -0.844 -0.861 -0.876 -0.891 -0.905 -0.918 -0.930 -0.941 -0.951 -0.960 -0.969 -0.976 -0.982 -0.988 -0.992 -0.996 -0.998 -1.000 
