10 20
3.142 20 0.200
1.000 0.517 0.294 0.192 0.147 0.138 0.168 0.267 0.500 1.000 
0.819 0.432 0.256 0.175 0.136 0.125 0.145 0.222 0.410 0.819 
0.670 0.363 0.226 0.162 0.129 0.114 0.125 0.184 0.336 0.670 
0.549 0.309 0.204 0.154 0.124 0.106 0.109 0.153 0.275 0.549 
0.449 0.265 0.188 0.150 0.122 0.100 0.094 0.125 0.224 0.449 
0.368 0.232 0.178 0.149 0.121 0.094 0.080 0.100 0.181 0.368 
0.301 0.207 0.174 0.152 0.123 0.089 0.067 0.078 0.144 0.301 
0.247 0.189 0.175 0.159 0.126 0.085 0.054 0.056 0.111 0.247 
0.202 0.178 0.181 0.169 0.132 0.081 0.040 0.034 0.082 0.202 
0.165 0.173 0.192 0.184 0.139 0.077 0.024 0.011 0.054 0.165 
0.135 0.173 0.210 0.203 0.150 0.071 0.007 -0.014 0.028 0.135 
0.111 0.181 0.233 0.228 0.161 0.066 -0.016 -0.043 0.000 0.111 
0.091 0.193 0.265 0.257 0.177 0.057 -0.041 -0.077 -0.028 0.091 
0.074 0.214 0.303 0.297 0.193 0.050 -0.074 -0.116 -0.061 0.074 
0.061 0.242 0.356 0.340 0.218 0.035 -0.110 -0.167 -0.097 0.061 
0.050 0.283 0.414 0.401 0.236 0.026 -0.163 -0.222 -0.144 0.050 
0.041 0.331 0.502 0.455 0.274 0.000 -0.209 -0.305 -0.196 0.041 
0.033 0.424 0.586 0.542 0.285 0.000 -0.285 -0.382 -0.290 0.033 
0.027 0.517 0.777 0.564 0.297 0.000 -0.297 -0.564 -0.382 0.027 
0.022 0.951 0.809 0.588 0.309 0.000 -0.309 -0.588 -0.809 0.022 
