10 20
3.142 20 0.200
-0.458 -0.160 -0.005 0.063 0.081 0.078 0.083 0.127 0.247 0.503 
-0.358 -0.103 0.030 0.083 0.089 0.075 0.068 0.096 0.192 0.405 
-0.275 -0.053 0.062 0.103 0.098 0.072 0.053 0.068 0.145 0.323 
-0.206 -0.008 0.091 0.121 0.106 0.070 0.040 0.042 0.104 0.255 
-0.147 0.031 0.119 0.140 0.114 0.067 0.027 0.019 0.067 0.198 
-0.096 0.067 0.147 0.159 0.123 0.065 0.013 -0.004 0.034 0.148 
-0.052 0.102 0.174 0.178 0.132 0.062 -0.000 -0.027 0.003 0.106 
-0.013 0.134 0.202 0.198 0.141 0.059 -0.015 -0.050 -0.027 0.069 
0.022 0.167 0.231 0.220 0.151 0.056 -0.030 -0.075 -0.056 0.035 
0.054 0.199 0.262 0.243 0.162 0.052 -0.047 -0.100 -0.085 0.005 
0.084 0.233 0.294 0.268 0.174 0.048 -0.065 -0.128 -0.115 -0.024 
0.113 0.268 0.330 0.295 0.186 0.044 -0.086 -0.159 -0.148 -0.051 
0.141 0.306 0.370 0.325 0.200 0.038 -0.109 -0.193 -0.182 -0.077 
0.167 0.347 0.413 0.358 0.214 0.032 -0.134 -0.231 -0.220 -0.103 
0.192 0.393 0.462 0.394 0.230 0.026 -0.162 -0.275 -0.263 -0.128 
0.214 0.446 0.518 0.433 0.247 0.019 -0.193 -0.325 -0.314 -0.149 
0.227 0.511 0.582 0.474 0.263 0.012 -0.225 -0.382 -0.377 -0.163 
0.220 0.597 0.655 0.516 0.280 0.006 -0.257 -0.448 -0.461 -0.158 
0.169 0.727 0.734 0.555 0.295 0.002 -0.287 -0.521 -0.589 -0.113 
0.022 0.951 0.809 0.588 0.309 0.000 -0.309 -0.588 -0.809 0.022 
