1.000000 0.987688 0.951057 0.891007 0.809017 0.707107 0.587785 0.453990 0.309017 0.156434 0.000000 -0.156434 -0.309017 -0.453990 -0.587785 -0.707107 -0.809017 -0.891007 -0.951057 -0.987688 
0.987688 0.832543 0.677397 0.522251 0.367105 0.211960 0.056814 -0.098332 -0.253477 -0.408623 -0.563769 -0.718915 -0.874060 -1.029206 -1.184352 -1.339497 -1.494643 -1.649789 -1.804935 0.000000 
0.951057 0.801665 0.652273 0.502882 0.353490 0.204098 0.054707 -0.094685 -0.244076 -0.393468 -0.542860 -0.692251 -0.841643 -0.991034 -1.140426 -1.289818 -1.439209 -1.588601 -1.737992 0.000000 
0.891007 0.751048 0.611089 0.471130 0.331171 0.191212 0.051253 -0.088706 -0.228665 -0.368624 -0.508583 -0.648542 -0.788501 -0.928460 -1.068419 -1.208378 -1.348337 -1.488296 -1.628255 0.000000 
0.809017 0.681937 0.554857 0.427777 0.300697 0.173617 0.046536 -0.080544 -0.207624 -0.334704 -0.461784 -0.588864 -0.715944 -0.843024 -0.970104 -1.097184 -1.224264 -1.351345 -1.478425 0.000000 
0.707107 0.596035 0.484963 0.373891 0.262818 0.151746 0.040674 -0.070398 -0.181470 -0.292542 -0.403614 -0.514686 -0.625758 -0.736830 -0.847902 -0.958974 -1.070046 -1.181118 -1.292191 0.000000 
0.587785 0.495456 0.403127 0.310798 0.218469 0.126140 0.033811 -0.058518 -0.150847 -0.243177 -0.335506 -0.427835 -0.520164 -0.612493 -0.704822 -0.797151 -0.889480 -0.981809 -1.074138 0.000000 
0.453990 0.382678 0.311365 0.240053 0.168740 0.097427 0.026115 -0.045198 -0.116511 -0.187823 -0.259136 -0.330449 -0.401761 -0.473074 -0.544387 -0.615699 -0.687012 -0.758325 -0.829637 0.000000 
0.309017 0.260477 0.211936 0.163396 0.114856 0.066316 0.017775 -0.030765 -0.079305 -0.127845 -0.176386 -0.224926 -0.273466 -0.322007 -0.370547 -0.419087 -0.467627 -0.516168 -0.564708 0.000000 
0.156434 0.131862 0.107289 0.082716 0.058144 0.033571 0.008998 -0.015574 -0.040147 -0.064720 -0.089292 -0.113865 -0.138438 -0.163010 -0.187583 -0.212156 -0.236728 -0.261301 -0.285874 0.000000 
0.000000 0.000000 0.000000 0.000000 0.000000 0.000000 0.000000 -0.000000 -0.000000 -0.000000 -0.000000 -0.000000 -0.000000 -0.000000 -0.000000 -0.000000 -0.000000 -0.000000 -0.000000 0.000000 
-0.156434 -0.131862 -0.107289 -0.082716 -0.058144 -0.033571 -0.008998 0.015574 0.040147 0.064720 0.089292 0.113865 0.138438 0.163010 0.187583 0.212156 0.236728 0.261301 0.285874 0.000000 
-0.309017 -0.260477 -0.211936 -0.163396 -0.114856 -0.066316 -0.017775 0.030765 0.079305 0.127845 0.176386 0.224926 0.273466 0.322007 0.370547 0.419087 0.467627 0.516168 0.564708 0.000000 
-0.453990 -0.382678 -0.311365 -0.240053 -0.168740 -0.097427 -0.026115 0.045198 0.116511 0.187823 0.259136 0.330449 0.401761 0.473074 0.544387 0.615699 0.687012 0.758325 0.829637 0.000000 
-0.587785 -0.495456 -0.403127 -0.310798 -0.218469 -0.126140 -0.033811 0.058518 0.150847 0.243177 0.335506 0.427835 0.520164 0.612493 0.704822 0.797151 0.889480 0.981809 1.074138 0.000000 
-0.707107 -0.596035 -0.484963 -0.373891 -0.262818 -0.151746 -0.040674 0.070398 0.181470 0.292542 0.403614 0.514686 0.625758 0.736830 0.847902 0.958974 1.070046 1.181118 1.292191 0.000000 
-0.809017 -0.681937 -0.554857 -0.427777 -0.300697 -0.173617 -0.046536 0.080544 0.207624 0.334704 0.461784 0.588864 0.715944 0.843024 0.970104 1.097184 1.224264 1.351345 1.478425 0.000000 
-0.891007 -0.751048 -0.611089 -0.471130 -0.331171 -0.191212 -0.051253 0.088706 0.228665 0.368624 0.508583 0.648542 0.788501 0.928460 1.068419 1.208378 1.348337 1.488296 1.628255 0.000000 
-0.951057 -0.801665 -0.652273 -0.502882 -0.353490 -0.204098 -0.054707 0.094685 0.244076 0.393468 0.542860 0.692251 0.841643 0.991034 1.140426 1.289818 1.439209 1.588601 1.737992 0.000000 
0.000000 0.000000 0.000000 0.000000 0.000000 0.000000 0.000000 0.000000 0.000000 0.000000 0.000000 0.000000 0.000000 0.000000 0.000000 0.000000 0.000000 0.000000 0.000000 0.000000 
