1.000000 0.996917 0.987688 0.972370 0.951057 0.923880 0.891007 0.852640 0.809017 0.760406 0.707107 0.649448 0.587785 0.522499 0.453990 0.382683 0.309017 0.233445 0.156434 0.078459 
0.996917 0.986267 0.970215 0.947699 0.920578 0.887172 0.849538 0.806652 0.759713 0.708573 0.654061 0.596259 0.535668 0.472595 0.407157 0.339327 0.268593 0.193378 0.108946 0.000000 
0.987688 0.970403 0.946677 0.918972 0.884473 0.847055 0.803749 0.757506 0.707203 0.654362 0.598687 0.541257 0.482192 0.421709 0.359930 0.296508 0.230705 0.161010 0.084914 0.000000 
0.972370 0.948011 0.919494 0.884239 0.846673 0.802483 0.756620 0.706182 0.653937 0.599095 0.543371 0.486477 0.429220 0.371858 0.314229 0.256046 0.196537 0.134632 0.069198 0.000000 
0.951057 0.921904 0.886567 0.848598 0.803929 0.758350 0.707292 0.655339 0.600597 0.545426 0.489228 0.433628 0.378641 0.324518 0.271380 0.218787 0.166127 0.112527 0.057188 0.000000 
0.923880 0.889493 0.851564 0.807500 0.762227 0.710979 0.659595 0.604627 0.549552 0.493395 0.438325 0.383969 0.331392 0.280878 0.232264 0.185311 0.139340 0.093579 0.047300 0.000000 
0.891007 0.853968 0.811523 0.766838 0.716515 0.666006 0.611099 0.556495 0.500335 0.445223 0.390630 0.338394 0.288551 0.241479 0.197339 0.155707 0.116017 0.077410 0.038977 0.000000 
0.852640 0.812909 0.769787 0.721723 0.672527 0.618766 0.565357 0.509550 0.454644 0.399898 0.347482 0.297173 0.250158 0.206719 0.166770 0.130093 0.095983 0.063588 0.031938 0.000000 
0.809017 0.768656 0.723851 0.676719 0.625457 0.573886 0.519335 0.465540 0.411235 0.358783 0.307943 0.260459 0.216440 0.176386 0.140434 0.108179 0.079029 0.052019 0.026038 0.000000 
0.760406 0.719763 0.675836 0.628233 0.579248 0.527277 0.475574 0.422607 0.370979 0.320347 0.272589 0.227712 0.186868 0.150295 0.117998 0.089752 0.064833 0.042336 0.021140 0.000000 
0.707107 0.667459 0.624270 0.578766 0.530552 0.481768 0.431342 0.381731 0.332368 0.285134 0.240068 0.198647 0.161039 0.127799 0.099006 0.074295 0.053089 0.034407 0.017105 0.000000 
0.649448 0.611234 0.570088 0.526382 0.481307 0.434605 0.388052 0.341141 0.295672 0.251610 0.210439 0.172316 0.138250 0.108410 0.082870 0.061411 0.043356 0.027853 0.013809 0.000000 
0.587785 0.551569 0.512701 0.471959 0.429731 0.387025 0.343745 0.301287 0.259532 0.219848 0.182396 0.148326 0.117812 0.091382 0.069056 0.050533 0.035308 0.022503 0.011095 0.000000 
0.522499 0.488488 0.452306 0.414738 0.376382 0.337552 0.299039 0.260812 0.223987 0.188628 0.155814 0.125724 0.099152 0.076197 0.056961 0.041253 0.028507 0.018019 0.008862 0.000000 
0.453990 0.422074 0.388740 0.354701 0.320525 0.286505 0.252769 0.219958 0.188046 0.157924 0.129715 0.104235 0.081605 0.062252 0.046160 0.033100 0.022692 0.014245 0.006965 0.000000 
0.382683 0.352407 0.321710 0.291576 0.262063 0.233258 0.205223 0.177885 0.151797 0.126952 0.104036 0.083155 0.064852 0.049169 0.036189 0.025776 0.017521 0.010930 0.005337 0.000000 
0.309017 0.278977 0.250810 0.224855 0.200744 0.177848 0.155877 0.134874 0.114700 0.095804 0.078213 0.062406 0.048436 0.036576 0.026800 0.018965 0.012833 0.007969 0.003871 0.000000 
0.233445 0.200556 0.174812 0.154187 0.136375 0.120212 0.105066 0.090625 0.077009 0.064140 0.052331 0.041613 0.032260 0.024278 0.017716 0.012498 0.008412 0.005205 0.002529 0.000000 
0.156434 0.112532 0.091859 0.078997 0.069186 0.060689 0.052889 0.045586 0.038649 0.032193 0.026205 0.020841 0.016112 0.012110 0.008825 0.006205 0.004173 0.002577 0.001247 0.000000 
0.000000 0.000000 0.000000 0.000000 0.000000 0.000000 0.000000 0.000000 0.000000 0.000000 0.000000 0.000000 0.000000 0.000000 0.000000 0.000000 0.000000 0.000000 0.000000 0.000000 
